   32
   48
   48
   48
   48
   48
   48
65535
65535
65535
65535
65535
65535
65535
65535
65535
65535
65535
    0
    0
    0
    0
    0
    0
    0
    0
    0
    0
11517
11517
11517
20227
20227
20227
20227
20227
25535
25535
25535
25535
25535
25535
32425
32425
35087
35087
35087
40991
40991
40991
42367
40991
40991
39764
39764
39764
39764
39764
44205
44205
44205
44205
44205
39764
44205
44205
38134
38134
38134
30377
30377
30377
30377
30377
30377
48330
30377
30377
48330
26807
38636
38636
38636
38636
38636
28958
28958
28958
28958
28958
28958
28958
28958
28958
26613
28958
31258
31258
27981
25033
25033
25033
27981
25033
26613
27981
27981
25033
23476
22467
22467
26269
26269
26269
26123
26269
26123
26123
26123
26123
42673
42673
42673
42673
44321
44177
44177
44177
44177
44177
44177
28279
28279
28279
19306
36902
19306
36902
36902
36902
28220
28220
36902
36902
36902
36902
36902
46897
29994
29994
29994
42783
39599
39599
39599
29994
29810
29994
29810
29810
31221
31221
31221
31278
31278
40240
40240
31450
34531
34531
38942
38942
34531
34531
34531
34531
31450
29238
31450
34531
36130
36130
36130
37947
37947
36130
36130
36130
36130
36130
36130
27423
29132
29132
29132
27423
29132
29132
27423
27253
29132
27253
24776
27253
27253
27253
27253
27253
24776
24776
31171
31171
24776
31171
31171
31171
36244
36353
37057
36353
35426
38978
38978
38978
35426
38978
35426
35426
27741
27741
27741
27741
27741
27741
24914
24914
27741
24914
27741
24914
24914
24914
31451
31451
31451
32949
34049
32949
34049
34444
36185
39788
43953
38730
38730
38730
42213
38730
36185
36185
36185
42213
35148
35148
19749
19749
23470
23470
23470
23470
23470
23470
23470
23470
23470
23470
23470
24781
24781
24781
24781
25940
25940
25940
25940
39143
39143
39143
41062
39143
39143
39143
39143
27417
27417
27417
27417
23726
23726
23726
23726
23726
23726
23726
15011
26384
21751
26384
26384
26384
26384
26384
26384
24777
21751
24777
24777
24777
39659
41019
24777
23023
23023
23023
23023
23023
23023
23023
23023
23023
23023
23023
23023
12939
42665
42665
42665
42665
42665
42665
11258
11258
11258
11258
10486
10486
28044
20298
20298
20298
28044
28044
28044
28044
28044
32738
33393
33393
33393
33393
39681
39681
39681
39681
39681
39681
39635
39635
39635
38649
39635
39681
39635
37934
34086
34086
31269
25367
31269
31269
25367
31269
31269
33285
33285
33285
33285
33285
33285
33285
32952
32952
32952
32952
27976
27976
22022
22022
32952
32952
32952
22022
41549
41549
41549
41549
41549
41549
41549
41549
31785
31785
31785
34570
32404
31785
31785
22668
23803
23803
28578
23803
28578
28578
28578
28578
28578
33405
33405
38105
42174
42174
42174
38105
38105
38105
38105
34150
30219
30219
30219
28315
23511
23511
22401
22401
22401
22401
22401
22401
22401
27730
27730
27730
27730
27730
27730
22675
27730
22675
27730
27730
33699
23035
23035
23035
24683
24683
29771
29771
29771
29771
30454
29771
24683
24683
29771
30454
30454
39336
39336
39336
28493
28493
28493
28493
37277
33477
33477
33477
28493
33477
33477
35993
35993
35993
43279
43279
43279
41102
40624
35993
40624
35993
32504
32504
32504
28852
25267
28852
28852
28852
28852
32504
32504
37805
37805
37805
43155
43155
47159
43155
43155
42024
42024
42024
42586
42586
42586
38968
38489
30800
30800
30800
38968
38968
38968
38968
38968
30800
30800
30671
30671
36186
36186
36186
36186
36186
24980
24980
24980
24980
34194
34194
34194
34194
34194
34194
33692
34194
34194
34194
42705
42705
42705
42705
42705
34693
42705
42705
42705
42705
38530
38530
32997
25585
25585
33918
33918
33918
33918
33918
33918
38530
33918
36676
36676
39122
44208
44208
41198
41198
36676
36676
36676
32633
32633
30694
30694
29295
29335
30694
32633
29295
32970
32633
32633
32970
32970
32970
32970
49341
32970
32970
49341
45033
45033
45033
45033
42904
42904
42904
40930
27796
40930
27796
27796
27796
25853
25853
27691
27691
36576
37170
37170
37170
37170
49684
49684
49684
49684
49684
49684
36364
36364
36364
36364
30754
30754
30754
24709
24709
29770
30754
36364
34802
34802
34802
29770
34802
34802
34802
34802
34802
29423
34802
34802
39929
29423
39929
39929
39929
39929
39929
31082
32540
36484
32540
32540
32540
31082
32540
36573
36573
32540
36573
40395
44091
40395
40395
36573
36573
35245
35245
29781
29781
29781
29781
29781
21887
21887
29781
29781
29781
29781
25022
25022
25022
25022
48622
34296
48622
34296
34296
34296
34296
32663
32663
24669
24669
24669
24669
24669
24669
24669
32663
32663
33969
33969
33969
39282
39282
39282
39282
39282
39282
39282
39282
39282
39282
39916
39916
39916
39916
39916
40136
40136
40136
40136
27529
27529
27529
31143
31143
30482
31143
27529
21366
30482
24037
30482
30482
31143
30482
30482
29339
35242
29339
35242
35242
35242
35242
35242
36679
36679
36679
36679
36679
44218
44218
36679
39043
39043
39043
39043
39043
36640
39043
39043
39043
39043
41746
39043
41121
41121
41121
41121
41121
41121
26718
41121
41121
41121
39134
39134
26737
39134
39134
39134
39134
39134
39134
39134
39134
39134
41223
41223
41223
41223
41223
46858
46858
47858
47858
47858
47858
47858
47858
47858
47858
35064
35064
24779
24779
24779
24779
28366
28366
28366
28366
34824
34824
28366
28366
34824
34824
28366
28366
27542
27542
27542
27542
27542
27542
27542
27542
27542
27542
23105
37254
37254
37254
35656
35656
35656
35656
35656
37254
37254
37254
46100
35656
35656
35656
37474
35492
31177
27905
31177
31177
33883
27905
24821
27905
27905
27905
27905
33883
33883
36971
33883
45000
45000
45000
47360
45000
47360
47360
47360
45000
45000
45000
52457
37898
37898
37898
37898
35435
32980
32980
32980
32980
38329
27612
27612
27612
30888
27612
30888
30888
38835
38835
38835
38835
38835
38835
38835
38835
38835
43988
27186
27186
27186
27186
27186
26848
26848
26848
26848
26848
26848
26848
26621
26621
26621
26621
26621
26621
26621
31604
24077
31604
28732
31604
34994
36534
39298
39298
44085
43620
43620
43620
43620
43620
38177
38177
38177
38177
38177
26426
26316
26316
26316
24413
24413
26426
30746
30746
24413
30746
30746
30746
37428
37428
37428
37428
38211
40506
37428
38211
38211
38211
38211
38211
38211
40506
31446
41815
31446
31446
31446
31446
41815
39998
41815
39998
39998
39998
40059
39998
39998
32686
32686
32686
32686
29128
29128
32686
29128
29128
29128
29128
29128
29128
31387
31387
30451
30451
30451
30451
30451
23180
30451
30451
30451
30451
23180
30451
23180
23180
23180
23180
23180
21133
21133
38427
38342
38342
35782
35782
31790
38342
38427
38427
46673
46820
46673
46673
46673
35782
31790
31790
28533
28533
28533
29558
24807
20468
24807
20468
24807
28533
28533
29558
24807
20468
17132
17132
17132
17132
17132
23180
23180
23180
23180
12171
17335
17335
23180
17335
23180
23180
17335
17335
22755
22755
22755
35117
35117
35117
35117
35117
36952
36952
35563
35563
35563
30879
30879
28533
28533
22309
22309
19792
22309
28533
28533
30879
35596
35596
36702
36702
40107
40107
36702
40107
40107
36702
40107
36702
32856
32856
32856
34385
32856
38513
38513
34385
32856
26670
26670
26670
26670
26670
26670
26670
26670
26670
26670
35325
35325
35325
35325
35325
35325
35325
26511
26511
26511
26511
27416
27416
27416
27416
27416
27416
35747
27416
27416
32835
32835
34385
34385
34385
47913
47913
47913
34385
34385
34385
34385
34385
34385
30243
37312
30243
35922
30243
30243
30243
35922
37312
35922
35922
35922
37312
35922
39391
42098
43055
39391
38661
38661
35667
38661
38661
35667
32185
35667
32185
32185
32185
33762
33762
33762
36558
37957
33762
37957
33762
41707
33762
33762
33762
24872
41707
24872
24872
23882
24872
24872
24872
27314
27314
27314
27314
27314
27314
27314
27314
36985
36985
36985
36985
36985
44571
44571
44571
44571
38853
36985
36985
30320
30320
30320
30320
25501
25501
25501
25501
25750
24863
30320
26889
37398
26889
30014
30014
37398
30014
30014
30014
30014
30014
26889
30014
26202
30014
35030
35030
35030
35030
35030
26618
35253
35253
35253
35253
38254
26618
26618
26618
26618
33692
33692
33692
33692
33692
39067
33692
33692
33692
33692
33692
33692
37853
37853
37853
27367
27367
27367
27853
27853
38240
38240
27853
30743
30743
30743
27853
29273
29273
30743
29273
29273
29273
29273
29273
29273
29273
29273
29273
30412
30412
30412
30412
30412
30412
20591
20591
30412
30412
29743
29743
29743
29743
23770
23770
19184
23770
23770
29743
23770
23770
23570
19184
23570
26703
26703
26703
40870
26703
36225
36225
36225
36225
36225
44331
44331
44331
44331
36225
36225
36225
39788
39788
30005
39788
27566
27566
27566
27566
27566
28179
28179
32296
32296
28179
28179
28179
28179
28179
28179
28179
28179
26891
24743
24389
26891
29649
33098
29649
29649
33098
33098
26218
26218
26218
26218
30503
29174
29174
26218
30503
30503
29174
29174
30503
30503
36594
36594
36594
36594
36594
37663
37663
20568
20568
37663
33079
33079
26426
26426
26426
26426
26426
26426
22720
26426
26426
26426
26426
26426
34004
34004
34004
34004
34004
34004
34004
35413
39651
35413
34004
34004
35413
24598
35413
35413
35413
35413
35413
33283
33283
33283
17242
33283
33283
33283
33283
33283
36866
39351
42191
39351
39351
42191
44168
41494
41494
39351
39351
39351
41494
41494
28679
28679
28679
28679
28679
25860
40730
40730
26669
40730
26669
26669
26669
26669
26669
26669
26669
26669
26669
27677
22862
22862
20784
27677
27677
27677
27677
27677
32529
32529
32529
32529
37952
37952
37952
37952
37952
37952
23473
23473
23473
23473
23473
27330
23473
21715
21715
23473
27330
27330
27330
26034
27330
26034
26034
26034
28789
31741
34956
34956
34956
34956
40115
40115
40115
40115
40115
40115
32142
32142
30691
32142
32142
30518
30518
30518
30518
30518
39003
39003
39003
39003
39003
39003
39003
42650
30999
30999
30999
29056
29056
29056
42650
42650
33204
33204
33204
33204
33204
33204
42943
42943
42943
42943
42744
33204
36288
36288
42744
42744
42744
36288
36288
42744
36288
36288
36288
36288
44814
27121
27121
26028
26028
26028
26028
26028
26028
26028
26028
26028
26028
26028
21803
29942
15654
25447
23605
23605
25447
25447
27528
27528
25457
25457
27528
27528
27528
27528
27528
27528
19444
28206
28206
28206
35366
35366
35366
37599
37599
37599
44048
37599
36451
37599
44048
37599
44048
37599
36451
36451
36451
36451
36451
36451
25273
25273
25273
23451
17635
17635
17635
17635
17635
14378
14378
14378
14378
14378
14378
14378
28129
28129
30899
30899
28117
30899
30899
33879
33879
40323
33879
33879
36525
36525
36525
36525
36525
36525
45876
45876
45876
44155
44155
44155
45876
44155
44155
37335
37335
37335
37335
34256
37335
29215
29215
37664
37664
36412
36412
36412
36412
37664
39332
36412
37755
36412
36412
33898
33898
27730
27730
27730
27730
22583
22583
27730
22583
22583
22583
22583
22583
22583
22583
22583
22583
18636
28030
28030
28030
28030
28030
28030
28030
28030
33793
33793
39081
39081
39081
39081
41406
41406
41406
41406
32344
32174
32174
32174
17897
21261
21261
21261
21261
21261
21261
26115
26115
26115
26115
26115
40483
40483
26115
26115
26115
32047
32047
33950
33950
33950
33950
33950
33950
37492
37492
33950
37492
37492
37492
37492
37492
37492
37492
37492
43235
43235
43235
52152
43235
52152
43235
43235
43235
43235
43235
37748
37748
37748
37748
37748
38473
37748
37748
37748
37748
37748
39680
39680
44551
44551
44551
39680
39680
39680
39680
39680
39680
39680
37260
37260
32393
32393
32393
32393
35003
35003
33531
33531
23087
30938
23087
23087
23087
23087
23087
23872
23872
23872
23872
23872
30938
33043
33043
39292
33043
39292
39292
39292
39292
39292
39292
39292
39395
41779
41779
39395
39395
33532
33532
25105
25105
25105
25105
19916
25105
25105
25105
25712
25712
32339
32339
32339
32339
25712
25712
25712
25712
25712
19277
19277
19277
26156
26156
26554
26554
26554
26554
46519
43597
43597
43597
40296
40296
40296
40296
40296
40296
30756
30756
30756
27336
27336
30756
30756
30756
15544
15544
42477
27739
27739
31850
31850
35753
31850
30472
31850
31850
33621
35753
33093
30472
31850
30472
23315
30472
33093
29978
23315
29978
29978
29978
29978
34779
29978
34779
34779
29978
28045
28045
28045
28045
22178
22178
22178
19955
28045
28045
37426
37426
37426
31311
31311
31311
31311
31311
31311
31311
31311
31311
31311
28775
31311
34025
38638
34025
34025
34025
34025
34409
34409
38638
34409
34409
